ACCESS-CM2: -0.023616546186013568
ACCESS-ESM1-5: 0.027736072705348593
AWI-CM-1-1-MR: -0.007350753252245178
BCC-CSM2-MR: 0.010084511357490325
CAMS-CSM1-0: -0.023088159891518505
CESM2-WACCM: -0.009022480763803254
CESM2: -0.010514206132458773
CMCC-ESM2: 0.016190086001599865
CNRM-CM6-1-HR: -0.008593570680687878
CNRM-CM6-1: -0.005467007723255875
CNRM-ESM2-1: -0.002479454195337506
CanESM5-CanOE: 0.01556371738846614
CanESM5: 0.009297537897051887
EC-Earth3: -0.0014879185126917356
FIO-ESM-2-0: -0.014611335770037384
GFDL-ESM4: -0.024436106681262053
GISS-E2-1-G: -0.02530665156600262
IITM-ESM: 0.013457206633181035
KACE-1-0-G: -0.007581271985405358
KIOST-ESM: 0.021977464985204042
MCM-UA-1-0: -0.009252239313891207
NESM3: -0.008430297232689123
NorESM2-MM: -0.021118365075508513
TaiESM1: -0.020163698658598305
UKESM1-0-LL: -0.010627213620123602
