ACCESS-ESM1-5: 0.09482488154189501
AWI-CM-1-1-MR: -0.056986709147888504
EC-Earth3: 0.043028008125346455
NorESM2-MM: 0.0001456064544923589
TaiESM1: -0.064473055503936
UKESM1-0-LL: 0.02827262950365976
